"time","x","y","z"
0,-13,-14,47
0.02,-12.6903366563341,-8.77553261496016,47.4198857960473
0.04,-11.5232818420802,-4.01322939561234,46.4601851755181
0.06,-9.79007211611822,-0.21844918080662,44.4752646632379
0.08,-7.78869157724213,2.44881573527801,41.9652084292811
0.1,-5.76440175486307,4.10387959758456,39.3488006271417
0.12,-3.8829751109728,4.99018315027538,36.8775892670296
0.14,-2.23363877575364,5.36251941828169,34.6558230864693
0.16,-0.847015389049981,5.43050762446693,32.696623176577
0.18,0.284392165606389,5.34578717571295,30.9714429716049
0.2,1.1893056382044,5.20948418170112,29.4406626544786
0.22,1.90585081045376,5.08506311515527,28.0682564840373
0.24,2.47416876012998,5.01016575133944,26.8267989987164
0.26,2.93226408975181,5.00570711624666,25.6977906816904
0.28,3.31400025881508,5.08232551641887,24.6702693663827
0.3,3.64842340826007,5.2447466673631,23.7391695135887
0.32,3.95984775950322,5.49460068074971,22.9040107043886
0.34,4.26832414401953,5.83209762263377,22.1680559269352
0.36,4.5902430345639,6.25683915032658,21.5378912331943
0.38,4.93890887728803,6.76794161688167,21.0233110937702
0.4,5.32497619440993,7.36356716625163,20.6373708072876
0.42,5.75666953107959,8.03990160626912,20.3964459804071
0.44,6.23972708107163,8.78958692712851,20.3200976495663
0.46,6.77702043870112,9.59962814359358,20.4304725519071
0.48,7.36782144607814,10.4488757868188,20.7508795104056
0.5,8.00672635416477,11.3053717678072,21.3031085119706
0.52,8.68232559743943,12.1241643826248,22.1030737951699
0.54,9.37584046211395,12.8466272214527,23.1545929652182
0.56,10.0601355280033,13.4027201933834,24.4417159498592
0.58,10.6997163628185,13.7176878420894,25.9210702991466
0.6,11.2524266033621,13.7239225025484,27.516988683125
0.62,11.6733959222286,13.3767687140817,29.1230249454719
0.64,11.9212099532293,12.6702373481512,30.6127276261942
0.66,11.965317128275,11.6464117280691,31.8594511023087
0.68,11.792738914319,10.3929096318768,32.760339785199
0.7,11.4118363650295,9.02710743197585,33.2561855813203
0.72,10.8516398055274,7.67202032492137,33.3396140756816
0.74,10.1568401335682,6.4327127992974,33.0492487268982
0.76,9.38011318963747,5.38112153821966,32.4538115647024
0.78,8.57414949484663,4.55228511059561,31.6334574140749
0.8,7.78537155999324,3.94984665326517,30.6646557038898
0.82,7.05029214446789,3.55617237556625,29.6114682909356
0.84,6.39444858748335,3.34277995029098,28.5228124020205
0.86,5.83323804458603,3.27856506946685,27.4336677472692
0.88,5.37381881365252,3.33508962533303,26.368081286486
0.9,5.01737367054556,3.48928014188044,25.3424738250096
0.92,4.76126788931237,3.72428476014912,24.3684985218148
0.94,4.60085752875456,4.02921879220237,23.4552353517773
0.96,4.53086401972508,4.39834287119094,22.6107866578088
0.98,4.54632525302125,4.83001026767136,21.8434380814919
1,4.64317586947899,5.32554945090034,21.1625492474665
1.02,4.81851778518192,5.88812459152871,20.579296684223
1.04,5.07063023557727,6.52153209823051,20.1073356463708
1.06,5.39874643234823,7.22883480749149,19.7633849918131
1.08,5.80259768158464,8.01070189097208,19.5676652927391
1.1,6.28170067002284,8.86331673859654,19.5440252017957
1.12,6.83434596048448,9.77575612796321,19.7194672438059
1.14,7.45624586606725,10.7268687819141,20.1226375058656
1.16,8.13883451036382,11.6819423008476,20.7807126057884
1.18,8.8673052952263,12.5898919991927,21.714100444267
1.2,9.6186442862573,13.3823188364533,22.9286494275098
1.22,10.3601745659437,13.9763833488513,24.4058700300246
1.24,11.049409618094,14.2835598492529,26.093150079053
1.26,11.6361649282021,14.2252452955908,27.8977980750503
1.28,12.0676413928453,13.753357024348,29.6898970442187
1.3,12.2963530752556,12.8700246307489,31.3176815194033
1.32,12.2894171098647,11.6376440277664,32.6344028077505
1.34,12.0364747638789,10.1721478508906,33.5289839605775
1.36,11.553303483008,8.61933315997126,33.9486833294151
1.38,10.8795178531929,7.12274702324179,33.9045762632552
1.4,10.0710764083193,5.79573065072742,33.4590581940733
1.42,9.19024799531978,4.7068360196832,32.7028775067363
1.44,8.29617998104688,3.88012847193417,31.731965178245
1.46,7.43827222689192,3.30558615910065,30.6312034886129
1.48,6.65305233394658,2.95294542189635,29.4670099895779
1.5,5.96403936553293,2.78403364582654,28.2868150299921
1.52,5.3835362053813,2.76139942197217,27.1222884961363
1.54,4.91529822718182,2.85315157721912,25.993714466702
1.56,4.55730862203728,3.03490796501411,24.9140203066153
1.58,4.30421885440846,3.28992981375154,23.8919013271225
1.6,4.14927154672517,3.60830966609168,22.9340295293375
1.62,4.08568577337534,3.98578290731241,22.0465605680039
1.64,4.10756662526594,4.42247562906423,21.2361911888676
1.66,4.21042803122097,4.92171694723422,20.5109765485856
1.68,4.39141267664131,5.48892167113743,19.8810523779817
1.7,4.64927072119303,6.13046895570542,19.3593436809139
1.72,4.98412885102019,6.85244684158147,18.9622805177774
1.74,5.39704787563072,7.6590918498518,18.7104718458581
1.76,5.88933382373441,8.55072849439043,18.6291942179646
1.78,6.46153859795049,9.52102294149925,18.748416393112
1.8,7.11207038318743,10.5534481950683,19.1018945461905
1.82,7.83534819308478,11.6170839056128,19.72465417954
1.84,8.6195078955061,12.6623319388651,20.6480064091285
1.86,9.44383727082087,13.6178821186838,21.8913239544962
1.88,10.2764164606394,14.3912226207177,23.4504599338999
1.9,11.0728469488524,14.8757098564386,25.2842984092281
1.92,11.7773214044528,14.9667355818653,27.303498069492
1.94,12.3272942299409,14.5866759713552,29.3680379149821
1.96,12.662245184643,13.7128623051719,31.30032909936
1.98,12.7353363004055,12.3971970831208,32.9158391311905
2,12.5247367024946,10.7653006024474,34.0637451844261
2.02,12.0403875810133,8.99088939804983,34.6617634666513
2.04,11.323183917224,7.2542218555266,34.7097083464524
2.06,10.436661635477,5.70227308921875,34.2771521199141
2.08,9.45439885315207,4.42578371309606,33.4739573012693
2.1,8.44753860839983,3.4573824315083,32.4185553268076
2.12,7.47577311472092,2.78472861001625,31.2152523198915
2.14,6.58298388528316,2.36902321347852,29.9439442045169
2.16,5.79691976549126,2.16151507201719,28.6596043616536
2.18,5.13145968163012,2.11480946828073,27.3969301656684
2.2,4.59001192944835,2.1889448037368,26.1763745651641
2.22,4.16901381578231,2.35361250058605,25.0094859607709
2.24,3.86096212771124,2.58807152470283,23.9028604135837
2.26,3.65676013985255,2.87995297958265,22.8607739213323
2.28,3.54738039838759,3.22370585326142,21.8868443249799
2.3,3.52494383500416,3.61908022015224,20.9850932943977
2.32,3.5833456190158,4.06980810218995,20.1607010023974
2.34,3.71854899097061,4.58249878905697,19.4206542305233
2.36,3.92864072978432,5.16567988168761,18.7744134906688
2.38,4.21370694893477,5.82885948990126,18.2346682450828
2.4,4.57555040471187,6.58143994414312,17.8182002214875
2.42,5.0172317731316,7.43126913245817,17.5468154588533
2.44,5.54237765438584,8.38257287823477,17.4482135781369
2.46,6.15415915609406,9.43298805260177,17.5565113397933
2.48,6.85381383032803,10.5694571756085,17.9119020144923
2.5,7.63857845837994,11.7629408726169,18.5586092476106
2.52,8.49895658666224,12.9623959446256,19.5399497970158
2.54,9.41542047611806,14.089410971776,20.8891723856148
2.56,10.3550091164902,15.0363141765079,22.6152521210928
2.58,11.2688551188767,15.6720403636229,24.6846603788922
2.6,12.0923186019017,15.8602768843675,27.0037239233049
2.62,12.7496979930862,15.4913319253417,29.4106252474197
2.64,13.1647353606471,14.5214966364072,31.6880002105161
2.66,13.2758615769185,13.004066146145,33.6016040123668
2.68,13.0519560677422,11.0926964283345,34.9564315904631
2.7,12.5024139076613,9.00814592910823,35.6470976922502
2.72,11.6767144101464,6.98025138485374,35.6779630731193
2.74,10.6533336912723,5.19208430192016,35.1450521710534
2.76,9.52269584584191,3.74951917382756,34.1934594094593
2.78,8.37064360010978,2.68163601054865,32.9733029066629
2.8,7.26709880911507,1.96146150522425,31.6105411111537
2.82,6.26125052861615,1.53218587227204,30.1960874305585
2.84,5.38203119438332,1.32871397540236,28.7879507379899
2.86,4.64166748171562,1.29111744268506,27.4191995982367
2.88,4.04032366326248,1.37090492278497,26.1065917574531
2.9,3.57055608852497,1.53252299018231,24.8574666498633
2.92,3.22096652505994,1.75232736325812,23.674404027679
2.94,2.97889535932856,2.01655464338242,22.558036078783
2.96,2.83223694243387,2.31915748077924,21.5086209410369
2.98,2.77055464031607,2.65990640871347,20.5269069398748
3,2.78568638512312,3.04289186786319,19.6146603215386
3.02,2.87200631835482,3.4754174324669,18.7750912664444
3.04,3.02646908547065,3.96720467093521,18.0133192045173
3.06,3.24852224473194,4.52979361013504,17.3369640522906
3.08,3.53993322833542,5.17599634078925,16.7569206000175
3.1,3.90454022198343,5.91922927118396,16.2883527003175
3.12,4.34789880321956,6.77250162097493,15.951914348654
3.14,4.8767548541345,7.74676928600853,15.7751433501214
3.16,5.498226449634,8.84828049335721,15.7938473787178
3.18,6.21852406211026,10.074473494142,16.0530667072439
3.2,7.04099007841102,11.4080178361039,16.6068027320375
3.22,7.96322618680299,12.8088873899067,17.5151284538209
3.24,8.9731669177941,14.2051953659345,18.8366575825767
3.26,10.0442613798474,15.4852358517716,20.6140694114299
3.28,11.1305758377356,16.4958122022489,22.8514206495064
3.3,12.1636627210997,17.0545095031728,25.485703152695
3.32,13.0541364397391,16.9831852061818,28.3621850853483
3.34,13.7011019994004,16.1623295178119,31.2307842130774
3.36,14.0105326146811,14.589895245837,33.7809284308335
3.38,13.9189326862774,12.4127727072939,35.7161074445596
3.4,13.4134452025751,9.90259940368661,36.840493172396
3.42,12.5385928123306,7.37822774315052,37.1124868034864
3.44,11.3856385561563,5.113470722504,36.6365227357314
3.46,10.0695682207529,3.27645438019282,35.6044248099128
3.48,8.70402317080392,1.92016653542732,34.2246378196669
3.5,7.38297099829322,1.01103870921498,32.6723289129573
3.52,6.1723742236267,0.469590359021942,31.0701660511742
3.54,5.11027823059905,0.204154472651116,29.49161834105
3.56,4.21176749148886,0.131227180510519,27.9740109257424
3.58,3.4755680342077,0.184183332050927,26.5322503798333
3.6,2.89028300368104,0.314672224175811,25.1692714940136
3.62,2.43937120009621,0.490457544331711,23.8826412436733
3.64,2.1046952290709,0.692084057326891,22.6681727640555
3.66,1.86881448806244,0.909592499075645,21.5216412761336
3.68,1.71631411139943,1.13978253128301,20.4394661090842
3.7,1.63445944031211,1.3841471805531,19.4189146903136
3.72,1.61341733812442,1.64743315186204,18.4581407437787
3.74,1.64622679593563,1.93672023751969,17.5562148243813
3.76,1.72864732450332,2.26090209915605,16.7132227650012
3.78,1.85896966579753,2.6304596227708,15.9304717795601
3.8,2.03783954003248,3.05743102559238,15.2108353567301
3.82,2.26811945528433,3.55549088724271,14.559274271463
3.84,2.55479303498932,4.14004667192438,13.9835847108452
3.86,2.90489721559515,4.82823933131017,13.4954404488312
3.88,3.32744566396905,5.63868559537398,13.1118075915698
3.9,3.83327647284626,6.59071229779892,12.8568048431316
3.92,4.43471199625293,7.70269515406855,12.764033157545
3.94,5.14485133593227,8.98891996262867,12.8792549789937
3.96,5.97622166251643,10.4541561052244,13.2629754395922
3.98,6.93839987053647,12.0849736606441,13.9918317994267
4,8.03411997971818,13.8370277094986,15.1565921861856
4.02,9.25341433157013,15.6186677351107,16.8530207938043
4.04,10.5657290911016,17.2742337176364,19.1605046461162
4.06,11.9110623421418,18.5760069143094,22.104120612473
4.08,13.1932685803326,19.2406674013653,25.6024377907523
4.1,14.2812936257696,18.9877235311994,29.4189400899092
4.12,15.025099433347,17.6416792350964,33.154422047744
4.14,15.2887788637817,15.2413138923973,36.3194714373718
4.16,14.9924540386006,12.0832550344256,38.4845647811647
4.18,14.1434515627896,8.64489495094497,39.4350238924701
4.2,12.8381570015825,5.41603948407101,39.2315526675423
4.22,11.2324881760174,2.74219259803366,38.1422247840308
4.24,9.49759208384342,0.763297877106541,36.5069227356789
4.26,7.78202534629436,-0.551178561039926,34.6228270711012
4.28,6.19193314999564,-1.32557645568379,32.693620085217
4.3,4.7884400046435,-1.71001736540112,30.8319207800856
4.32,3.59531590399248,-1.84031334389967,29.0853913925367
4.34,2.61008648771195,-1.82251051136485,27.4643481220629
4.36,1.8144253997676,-1.73192694626424,25.9617650682179
4.38,1.18216347998163,-1.61833289084918,24.5649168704545
4.4,0.684726381795949,-1.5125398422134,23.2609782032941
4.42,0.294434132210317,-1.43234685247305,22.0391071406831
4.44,-0.0137612340173753,-1.3872315550223,20.8908155791516
4.46,-0.261584415446981,-1.3817945896109,19.8096735997946
4.48,-0.467395152904126,-1.41817518790689,18.79086590302
4.5,-0.646515587027722,-1.49769055697048,17.8308145612545
4.52,-0.811740742679561,-1.62192427258046,16.9269330347135
4.54,-0.973916719214628,-1.79344488660069,16.077516232006
4.56,-1.14252076714417,-2.01629197199066,15.2817564611536
4.58,-1.32621050413698,-2.29632785025592,14.5398806637554
4.6,-1.53333004359795,-2.64151954079015,13.8534183952415
4.62,-1.77237184260639,-3.0621849464293,13.2256279245845
4.64,-2.05239657807097,-3.57120598822243,12.6621283964494
4.66,-2.3834100177777,-4.18417317188724,12.1718089980435
4.68,-2.77668484269112,-4.91937168690791,11.7681099691989
4.7,-3.2449939710905,-5.79743512771036,11.4707890968463
4.72,-3.80268498654239,-6.84036078635238,11.3082849027347
4.74,-4.46546485416849,-8.06937869228727,11.320727292606
4.76,-5.24967028898806,-9.50088165930047,11.5634530357712
4.78,-6.17066446455429,-11.1392841417169,12.1104205923222
4.8,-7.23983424533352,-12.9654378440553,13.0559759599575
4.82,-8.45952311773613,-14.91953567166,14.5117740877833
4.84,-9.81529767864475,-16.8792406351163,16.5933610018278
4.86,-11.2655809860993,-18.6385735299573,19.3890732725457
4.88,-12.7304515496797,-19.9018546742938,22.9059457391547
4.9,-14.084631667461,-20.3166535178742,26.9993219618074
4.92,-15.1632731913077,-19.5678954350584,31.3183992754148
4.94,-15.7891250622941,-17.5229552282855,35.3255067250752
4.96,-15.8206381924853,-14.3559875277535,38.4327716293836
4.98,-15.2033757475577,-10.5458554535623,40.2174224716964
5,-13.9958888104749,-6.71002049090844,40.584456849493
5.02,-12.3523667374938,-3.37191873033384,39.7624232338507
5.04,-10.472314751175,-0.812128923193092,38.1522403002473
5.06,-8.54603185952742,0.935222495195699,36.1515401296533
5.08,-6.71919946959289,1.99350938940613,34.0519023037667
5.1,-5.0819916082808,2.54435199085903,32.0209891654441
5.12,-3.67528665549913,2.76233889296026,30.1316355579355
5.14,-2.50397636527257,2.78696071500253,28.4004373508884
5.16,-1.55051632825182,2.71816330397864,26.8176237650697
5.18,-0.785688124659646,2.62234817632349,25.3648856507564
5.2,-0.175993000980584,2.54103643830749,24.024018981671
5.22,0.31182785968909,2.49881708302614,22.7801415932344
5.24,0.708378959468945,2.50958815789801,21.6222699058582
5.26,1.04060261921395,2.58109768500543,20.542889542085
5.28,1.33164199738108,2.7181006189177,19.5373307547258
5.3,1.60119940021992,2.92448188931635,18.6032869968233
5.32,1.86614135570546,3.20464055745218,17.7405853047462
5.34,2.14119357446723,3.56435566716419,16.9512270037686
5.36,2.43963038697301,4.0112805270642,16.2396968139577
5.38,2.77390044662608,4.55514077221166,15.6135474058368
5.4,3.15614788003385,5.20763777299262,15.0842826700286
5.42,3.59858809462464,5.98197481306128,14.6685719348609
5.44,4.11368051052121,6.89181951926283,14.3898133875187
5.46,4.71400527324229,7.94938475412546,14.2800026443282
5.48,5.41169591340945,9.16215497629743,14.3817078814102
5.5,6.21720680192461,10.52764156016,14.7496370044504
5.52,7.13711723183165,12.0255290564137,15.4507172666265
5.54,8.1706367860494,13.6069272738402,16.5607385387485
5.56,9.30457959611764,15.1816274105495,18.1545726275987
5.58,10.5069983107491,16.6068546193822,20.2864252577437
5.6,11.7206396698471,17.685176579602,22.9580926704006
5.62,12.8589769260743,18.1833347029605,26.0791849438502
5.64,13.8092431501795,17.8826909427364,29.4348237953741
5.66,14.4469739678913,16.6583295493264,32.6881182581775
5.68,14.66280493256,14.5570082971171,35.4417831482575
5.7,14.3944269926212,11.8231849991049,37.3518924623847
5.72,13.6495246750498,8.83881751772968,38.2409500286823
5.74,12.5068836352877,5.99947140155526,38.1431850337876
5.76,11.0943289615599,3.59678326120025,37.2586915336288
5.78,9.55495792311572,1.76614627553542,35.855744071967
5.8,8.01691425247172,0.504928158800199,34.1821563314717
5.82,6.57590006667654,-0.273535416981523,32.4195810639537
5.84,5.29099444605853,-0.686702068069837,30.678264346194
5.86,4.18929580515452,-0.847764000928977,29.0131180245233
5.88,3.27425800090333,-0.849372393031332,27.4442119158206
5.9,2.53418940299345,-0.759890600685113,25.9732391399824
5.92,1.94922676547982,-0.625884015002628,24.5940380463655
5.94,1.49634779565768,-0.476750027522612,23.298250723808
5.96,1.15260911845695,-0.329414355348581,22.0778596368055
5.98,0.897009643856178,-0.192276045302795,20.9260307100495
6,0.711388587855851,-0.0682138472952357,19.8371784494099
6.02,0.580698444800196,0.0432688192547667,18.8067521471003
6.04,0.492907753376548,0.144598186614265,17.8309765826054
6.06,0.438711512849241,0.239214605494127,16.9066356993404
6.08,0.411166051157432,0.331040443076493,16.0309193619936
6.1,0.405320199593567,0.424215285510273,15.2013268117899
6.12,0.417883392825269,0.5230121903894,14.4156140260635
6.14,0.446950799701152,0.63187450122047,13.6717739901388
6.16,0.491792998767861,0.755533463736886,12.9680432902557
6.18,0.552710699112214,0.899182756367568,12.3029332699689
6.2,0.630951736752456,1.06869770468928,11.6752888090095
6.22,0.728686675257124,1.27089511637614,11.084382930038
6.24,0.849039800747829,1.51383490803044,10.5300616511627
6.26,0.996173371882779,1.80716718079546,10.0129617835901
6.28,1.17542402613567,2.16252768960582,9.53483601190236
6.3,1.39349056198099,2.59397926434562,9.09903621557017
6.32,1.65867093040495,3.11848348590638,8.71122953223168
6.34,1.98114154614172,3.75635969192252,8.38045404227311
6.36,2.3732611054951,4.53163618944404,8.12066292675339
6.38,2.84985894759156,5.47210246822207,7.95295406752215
6.4,3.42842602946717,6.60870053478234,7.90872140938577
6.42,4.12905085528874,7.97360311125332,8.03395275200388
6.44,4.9738126063327,9.59586327694881,8.3947348060212
6.46,5.9851345425746,11.4928611438903,9.08349560191642
6.48,7.18229945746397,13.655048656044,10.2242196637267
6.5,8.574984958783,16.0212936898807,11.9722325053527
6.52,10.1525235096072,18.4440706573786,14.4997658719098
6.54,11.8682610881632,20.6510246519736,17.9535679164243
6.56,13.6210568894538,22.2255778894627,22.3712404566947
6.58,15.2417795045582,22.6510008674617,27.5622418918762
6.6,16.5001738694688,21.4651677541145,33.0099029691155
6.62,17.1486458015112,18.5108213516213,37.9076885475605
6.64,17.0018599521293,14.1358749493211,41.4134292322052
6.66,16.0165628789317,9.13812069927886,43.0227956757912
6.68,14.3183561371096,4.42522684163658,42.7871418281066
6.7,12.1537326421336,0.635942491233756,41.2032195196453
6.72,9.80101216093673,-2.01254004722316,38.9036732776887
6.74,7.49425069129431,-3.63155275487131,36.4011532120622
6.76,5.38848829315621,-4.4803847991961,34.0000749203981
6.78,3.56117997802471,-4.82883766111512,31.8297302498205
6.8,2.03124452509317,-4.89425599663987,29.9141017084958
6.82,0.780835914878556,-4.82961599311386,28.2296691081456
6.84,-0.227104104224644,-4.73378068878728,26.7397336585622
6.86,-1.03697256732055,-4.66673215696642,25.4103659567289
6.88,-1.69342198657791,-4.66289528722272,24.2157821144864
6.9,-2.2376541057962,-4.74096930938897,23.1388431215654
6.92,-2.70586321617933,-4.91061623523418,22.1698701905305
6.94,-3.12893982973789,-5.17676853803022,21.3052658304856
6.96,-3.5328398719342,-5.54222428674805,20.5464998644083
6.98,-3.93923536281461,-6.00900052576984,19.899581983031
7,-4.36620006614099,-6.57873457364228,19.3749624829279
7.02,-4.82876665766131,-7.25227767243958,18.9877318145376
7.04,-5.33923676834512,-8.0285131285008,18.7579423511406
7.06,-5.90714476755698,-8.90235436994377,18.710804243349
7.08,-6.53878293108556,-9.86185702199601,18.8763846179411
7.1,-7.23620583098983,-10.8844582487447,19.2882597454958
7.12,-7.99566951490559,-11.9326101517195,19.9803657351579
7.14,-8.80556124205533,-12.9495892906549,20.9811745408259
7.16,-9.64407939172424,-13.8570773976499,22.3045229521563
7.18,-10.4772550884263,-14.5570550490989,23.9373044715012
7.2,-11.258321617167,-14.9410528937458,25.8261217652462
7.22,-11.9297445788783,-14.9087915102985,27.8677064662685
7.24,-12.4290605189843,-14.3946415657884,29.9100844678192
7.26,-12.6986487056423,-13.3944968507708,31.7704811938064
7.28,-12.6976888328495,-11.9808298435007,33.2696868537414
7.3,-12.4126637900073,-10.2951019270389,34.2727442706524
7.32,-11.8622843296656,-8.51657256125955,34.719186322087
7.34,-11.0945295074133,-6.81950523654881,34.6294937115147
7.36,-10.1768201652219,-5.33685887552738,34.0869482217113
7.38,-9.18307805501253,-4.14310819917,33.2062242165371
7.4,-8.1819678114763,-3.25722047688143,32.1033843187108
7.42,-7.22911919405604,-2.65808640947432,30.8765343307285
7.44,-6.36396390645241,-2.30297873456325,29.5985591212394
7.46,-5.61025143525627,-2.14277724156971,28.3184136568116
7.48,-4.97873314585879,-2.13177669684099,27.0664116604567
7.5,-4.47065898389848,-2.23257329515927,25.8601853443876
7.52,-4.08118209341605,-2.41753242342791,24.7096666027709
7.54,-3.80221105134176,-2.66831640722048,23.6206549977447
7.56,-3.62456524602259,-2.97454351203213,22.5971506544043
7.58,-3.53946827499054,-3.33222175752381,21.6428223858367
7.6,-3.53949267282967,-3.74227961616785,20.761964230676
7.62,-3.61908616309125,-4.20930805653044,19.9602070816269
7.64,-3.77479410814181,-4.74050372442345,19.2451636029775
7.66,-4.00526260172783,-5.34472773632424,18.6271151281459
7.68,-4.31107078740332,-6.03154297294108,18.1197960640237
7.7,-4.6944031382361,-6.81004844627111,17.7412811903648
7.72,-5.15853344394553,-7.6872849701141,17.5149151134208
7.74,-5.70705252457808,-8.6659465314252,17.4701173008783
7.76,-6.34273403275801,-9.74112031557732,17.6427237098191
7.78,-7.0659065560394,-10.8958516324033,18.0742655237017
7.8,-7.87220780338573,-12.0955919353299,18.809246925714
7.82,-8.7496797525049,-13.2821903619009,19.8891658050064
7.84,-9.6753846425228,-14.3691724838915,21.3420021963446
7.86,-10.6121425375861,-15.2415525340373,23.166711529007
7.88,-11.5066043410352,-15.7647152931119,25.3145712144671
7.9,-12.2904747853277,-15.8064299115514,27.6732231704614
7.92,-12.8867721691414,-15.2717387041444,30.0634138987266
7.94,-13.2218568699189,-14.1417811983381,32.2587268116337
7.96,-13.2413200745377,-12.4987865718917,34.0305432578394
7.98,-12.9247441526708,-10.5193587818481,35.2050804049059
8,-12.2931503523294,-8.43239904660266,35.7072301173499
8.02,-11.4053999905273,-6.45899583755069,35.569852663761
8.04,-10.3448798355958,-4.76211045626595,34.9069184231018
8.06,-9.20202988807424,-3.42504757799969,33.8684300135278
8.08,-8.05896835306551,-2.45889844903088,32.5995501837214
8.1,-6.97998576649265,-1.82608421298353,31.2167022486111
8.12,-6.00839210028838,-1.46590019657857,29.8010023902113
8.14,-5.16805857649416,-1.31387120800269,28.4026456710854
8.16,-4.46742583085921,-1.3129976992059,27.0494043844852
8.18,-3.90417683093682,-1.41845556621198,25.7548859762039
8.2,-3.46949658757253,-1.5982111761179,24.5247869636399
8.22,-3.15145545178689,-1.83160653387043,23.3609774545332
8.24,-2.937441634885,-2.10724031988067,22.2639092264051
8.26,-2.81576211832959,-2.42085792176167,21.2339483023859
8.28,-2.7765982291984,-2.77356278849405,20.2721182482333
8.3,-2.81250153116571,-3.17043355495713,19.3805842240259
8.32,-2.91858503893622,-3.61951345291885,18.56308187573
8.34,-3.09252451188547,-4.1310802401292,17.8254136156672
8.36,-3.33444392501349,-4.7170728640395,17.1760889134404
8.38,-3.64672085436415,-5.39052407926187,16.6271597085415
8.4,-4.0337105504748,-6.1648123209813,16.1952804623634
8.42,-4.50134912963863,-7.05249245363666,15.9029858212563
8.44,-5.05655327151556,-8.06339134783294,15.7801021057069
8.46,-5.70628409181202,-9.2015723472449,15.8650556612819
8.48,-6.45608949932632,-10.46072501668,16.2055635888203
8.5,-7.30789762110921,-11.8176256335117,16.8577446780487
8.52,-8.25684348186388,-13.2237393757534,17.8820776624745
8.54,-9.28705125061649,-14.5961035349096,19.334042402187
8.56,-10.3666878090277,-15.810634129119,21.2472709853806
8.58,-11.4433710726808,-16.7037736974242,23.6087249985777
8.6,-12.4421195697803,-17.0904705274453,26.3301441428145
8.62,-13.2689813690865,-16.8043691763662,29.2277485902626
8.64,-13.8231484990154,-15.7557952767382,32.028660655019
8.66,-14.0174711537481,-13.9858350528761,34.4184759198323
8.68,-13.8020442640964,-11.6831530908356,36.1231773945133
8.7,-13.1811446301535,-9.14203532879551,36.9902023751023
8.72,-12.2148116790077,-6.67577594748519,37.0248226857514
8.74,-11.0037185788887,-4.53011309603039,36.364185813071
8.76,-9.66452653323847,-2.83758013003219,35.2110872371582
8.78,-8.30621501300318,-1.62166752276008,33.7672086116109
8.8,-7.01468911330929,-0.83141575561514,32.1924828586401
8.82,-5.84725554892586,-0.381210102498882,30.5938227668726
8.84,-4.83451396273464,-0.180620097404481,29.0324738284951
8.86,-3.98605531886342,-0.15088632177548,27.5378786048098
8.88,-3.29708106647199,-0.231020789583337,26.1205889592355
8.9,-2.75430013852457,-0.377843251654207,24.7815093556173
8.92,-2.34046987555043,-0.56331071492736,23.517491411553
8.94,-2.03754112136729,-0.771130678083326,22.3242786081772
8.96,-1.82863308930691,-0.993621493849214,21.1978448291015
8.98,-1.69913525434315,-1.22918017413385,20.1348950071336
9,-1.63721318163943,-1.48041621846563,19.1330012643676
9.02,-1.63394164548397,-1.75288087294387,18.1906321945711
9.04,-1.68323025276059,-2.05427899880727,17.3072030532997
9.06,-1.78165571511803,-2.39404758163658,16.4832085338069
9.08,-1.92827412576838,-2.78319586835057,15.7204738099017
9.1,-2.12445542147404,-3.23431392907948,15.0225563602838
9.12,-2.37375825741128,-3.76166103965413,14.3953401083358
9.14,-2.68184355740687,-4.38123611069589,13.8478781628697
9.16,-3.05640514441402,-5.11070213480557,13.3935554994358
9.18,-3.50707141159756,-5.96897576374952,13.0516499977639
9.2,-4.04519715495844,-6.97518974757628,12.8493526847258
9.22,-4.68341251296807,-8.14657887920295,12.8242321969249
9.24,-5.43471960346112,-9.4946304220991,13.0269314089807
9.26,-6.31082484303376,-11.0186217709918,13.5234608053599
9.28,-7.31928121288382,-12.6955943127663,14.395660260697
9.3,-8.45894887680698,-14.466258684984,15.7371283373244
9.32,-9.71341190986685,-16.218009938571,17.6403359186307
9.34,-11.0425923299449,-17.7701074671942,20.169754621827
9.36,-12.3742431069994,-18.8724268004823,23.3182241862683
9.38,-13.5993846547456,-19.2351974389291,26.9533968570833
9.4,-14.5781086649966,-18.6039859883226,30.7792305591758
9.42,-15.1616951155889,-16.8700977200895,34.3536997325282
9.44,-15.2302526258546,-14.1645181723306,37.192134152615
9.46,-14.7330194118953,-10.8611868250765,38.9291678003982
9.48,-13.7104297674596,-7.45982989752402,39.4487055599171
9.5,-12.2839836064006,-4.41025554008046,38.8970935151576
9.52,-10.6192330987196,-1.98488984074441,37.5816585899862
9.54,-8.88197720486579,-0.25582743546559,35.8350796859812
9.56,-7.20642265614172,0.848865675496645,33.9225265946747
9.58,-5.68207770437385,1.46798742820101,32.0127491681427
9.6,-4.35560840567071,1.74878385154051,30.1919476763892
9.62,-3.24029367099487,1.81670312609252,28.4919330983866
9.64,-2.32713063407157,1.76619356709095,26.9153292251731
9.66,-1.59442344510878,1.66259652830111,25.4523642885628
9.68,-1.01482944136559,1.54812511751014,24.0900359013494
9.7,-0.559964791099414,1.44831098367951,22.8162106616832
9.72,-0.203084248238168,1.3774986998271,21.6209498958545
9.74,0.0796016111449215,1.34305826602525,20.4965689415534
9.76,0.308498689012685,1.34842462687507,19.4372577139067
9.78,0.500738874514906,1.39520290834799,18.4386501813504
9.8,0.670583242653477,1.48458396140821,17.4974905579058
9.82,0.829960901519627,1.61827928404634,16.6114326622842
9.84,0.989047864193354,1.79914000374729,15.7789682661549
9.86,1.15683351583238,2.03158271556853,14.9994740980929
9.88,1.34165051890651,2.32190859282789,14.2733760587707
9.9,1.5516610429867,2.67857079610965,13.6024442984228
9.92,1.79530075121305,3.11241628722521,12.9902510406338
9.94,2.08168363822132,3.63689739689691,12.4428439313701
9.96,2.42096593169012,4.26820930187687,11.9697111687046
9.98,2.82465463341748,5.02525206339033,11.5851388709308
10,3.30582269844716,5.92922563992939,11.3100790663048
10.02,3.87915261417071,7.00252367566386,11.1746398844418
10.04,4.56066467226674,8.26637472252301,11.2212364687649
10.06,5.36688514317008,9.73637644469741,11.5082180141248
10.08,6.31306608948377,11.4147184374552,12.1132626085988
10.1,7.40989586839764,13.2776778105549,13.1347810881649
10.12,8.65800919929706,15.2574124614792,14.6877729870233
10.14,10.039719564814,17.2192433899452,16.8881665261107
10.16,11.508168812846,18.9410865566747,19.8180291227389
10.18,12.9761033701119,20.1111950737776,23.4671217013553
10.2,14.309975746195,20.369709233001,27.6605611264552
10.22,15.3385535555213,19.4143378114669,32.0101604950548
10.24,15.884164125602,17.1516670299524,35.9504400296583
10.26,15.8138363517542,13.8111927133114,38.8958304441034
10.28,15.0896244386059,9.91640346462228,40.4624625698819
10.3,13.7886129623065,6.0945014554014,40.6125183812041
10.32,12.0784119932761,2.84305012950246,39.620253741781
10.34,10.1630479017414,0.401621789331652,37.9038763262968
10.36,8.22945335343536,-1.2301860033794,35.8537883060714
10.38,6.41571553081142,-2.19467335175676,33.7436291741625
10.4,4.80370656043012,-2.67878719765979,31.7236462541159
10.42,3.42735318472668,-2.8547086501853,29.8544750866011
10.44,2.28661501762149,-2.85668762805896,28.1458479993309
10.46,1.36089629016949,-2.779328873936,26.5848864329655
10.48,0.619364568316041,-2.68468110163298,25.152311443253
10.5,0.0278757221555983,-2.61111787374691,23.8299686645809
10.52,-0.446890169728808,-2.58115051162886,22.6034193932738
10.54,-0.835293284936749,-2.60744032331953,21.4622275280409
10.56,-1.16391300449952,-2.6971203601514,20.399430617796
10.58,-1.45552773048464,-2.8547734203671,19.4109100951598
10.6,-1.72954034777839,-3.08441763223858,18.4949468436719
10.62,-2.00261656347472,-3.39078552521776,17.6520470711934
10.64,-2.28939008805865,-3.7801042324607,16.8850491104072
10.66,-2.60314555119023,-4.26050821786393,16.1995087488856
10.68,-2.95642304234463,-4.84214132429132,15.6043716926288
10.7,-3.3615013694938,-5.53692604836808,15.1129557146691
10.72,-3.8307125816777,-6.35788633069958,14.7442664766941
10.74,-4.37651807643322,-7.31779710122023,14.5246409871546
10.76,-5.01123552280727,-8.42679546783645,14.4896200060835
10.78,-5.74624556701863,-9.68843856638687,14.6857438092861
10.8,-6.59043377429789,-11.0935909241949,15.1715698453497
10.82,-7.54756011458598,-12.6116247263141,16.016548268883
10.84,-8.61225726110499,-14.1790372960832,17.2954648922544
10.86,-9.7645663045152,-15.6872340012166,19.0752655015621
10.88,-10.9635225831134,-16.9743622838361,21.3911652223086
10.9,-12.1414923042892,-17.8303379888381,24.2119198845451
10.92,-13.202617247892,-18.0267932900393,27.4021142496454
10.94,-14.0299254613887,-17.3784393847832,30.7014543418537
10.96,-14.5044556913905,-15.823515276769,33.7485033818613
10.98,-14.5343826515256,-13.4845618122214,36.1632113051749
11,-14.0841523654768,-10.6621044533096,37.6637382231848
11.02,-13.1893567643863,-7.74716525992031,38.1560058581329
11.04,-11.9485466893021,-5.09608897190913,37.7426626310338
11.06,-10.4959215200852,-2.93733926600838,36.6536172469018
11.08,-8.9685011507938,-1.34872408070207,35.1495831433913
11.1,-7.48095947413337,-0.292063377704723,33.4505441226668
11.12,-6.11372399588387,0.332135084086241,31.7075146142735
11.14,-4.91259603907127,0.638951109048422,30.0069306881035
11.16,-3.89499858859787,0.732169028061601,28.3888803161671
11.18,-3.05837150333415,0.693524007501287,26.8658678613589
11.2,-2.38798968248552,0.581676999951729,25.4366265888694
11.22,-1.86307353049248,0.435589496232038,24.0944603981079
11.24,-1.4610315553916,0.279120112296599,22.8315126659668
11.26,-1.16011277073278,0.125339683664549,21.640562950678
11.28,-0.940868810917474,-0.019972123110685,20.5155441286608
11.3,-0.786801455090286,-0.155723644445538,19.451504536376
11.32,-0.684496576252479,-0.283692658959078,18.444393560202
11.34,-0.623465092195534,-0.407332149931161,17.4908395543541
11.36,-0.595842358688497,-0.531044717817788,16.5879794356963
11.38,-0.596043943931352,-0.659794923775169,15.7333503090966
11.4,-0.620437035687354,-0.798958454867428,14.9248364999721
11.42,-0.667060309660185,-0.954334698848808,14.1606633445773
11.44,-0.735408084927614,-1.13227261408175,13.4394331738648
11.46,-0.826284424457166,-1.33987802220488,12.7602052763579
11.48,-0.941727352993545,-1.58528373319764,12.1226291141406
11.5,-1.08500083562094,-1.87797245877937,11.5271489626983
11.52,-1.26065119100051,-2.2291461609521,10.9753094430176
11.54,-1.47462396833797,-2.65213336309981,10.4702065248526
11.56,-1.73443568401973,-3.16281556823901,10.0171491331184
11.58,-2.04939045658639,-3.7800303098232,9.624623944107
11.6,-2.43082181828662,-4.52586241184009,9.30569055222608
11.62,-2.89232041179144,-5.42565120522818,9.07997229695505
11.64,-3.44987164776411,-6.50739492885873,8.97643611516528
11.66,-4.1217622545217,-7.79998886659096,9.03713650606642
11.68,-4.92800456448279,-9.32935118633771,9.32195016058138
11.7,-5.88885341837852,-11.1109576206859,9.91387612206453
11.72,-7.02174434647859,-13.136735247248,10.9234102075929
11.74,-8.33570517792789,-15.3541260541948,12.4883780118774
11.76,-9.82217147569478,-17.6366712607513,14.7621286994342
11.78,-11.4416553585158,-19.7511059288225,17.8790308671618
11.8,-13.107780073385,-21.3384322269853,21.88612086901
11.82,-14.6747237002848,-21.9438540441761,26.6435391215997
11.84,-15.9402646175126,-21.1356846018749,31.7343019657761
11.86,-16.6787004593677,-18.7113613043312,36.4717671785794
11.88,-16.7060527154077,-14.8883046338639,40.0848785731788
11.9,-15.9528181981269,-10.3082747111708,42.0323986801967
11.92,-14.4998708172638,-5.78887104112514,42.2366476156132
11.94,-12.5506805634033,-1.98413764657099,41.0554678855357
11.96,-10.3582977717474,0.806380290932274,39.0422063402035
11.98,-8.15223539233137,2.60705481798103,36.6988140510297
12,-6.09699454181394,3.62046466084881,34.3574874729427
12.02,-4.28490100554169,4.09221837310475,32.1831289105103
12.04,-2.74929462628558,4.2362575041567,30.2278314937131
12.06,-1.48374203036374,4.21144582254347,28.4856364933666
12.08,-0.459168930746615,4.12488065103769,26.9290525484217
12.1,0.363734504718118,4.04402255027953,25.5280566163425
12.12,1.02665810937712,4.00908354475717,24.257787842748
12.14,1.56926773159792,4.04289094015002,23.1004375448807
12.16,2.02712191111027,4.15795536127068,22.0447719071462
12.18,2.43102377688564,4.36124641430294,21.0850516801413
12.2,2.80718832305786,4.65726388999883,20.2201068406623
12.22,3.17781434676826,5.04987284438816,19.4528145273768
12.24,3.5617956140563,5.54322075412833,18.7900074753897
12.26,3.97539856618107,6.14191835191666,18.2427591439835
12.28,4.43278663502294,6.85054556784196,17.8269606361181
12.3,4.94629383898322,7.67243628190835,17.5640696872913
12.32,5.52635059940347,8.60760319932298,17.4818370492906
12.34,6.1809509770924,9.64960675760063,17.6146704256404
12.36,6.91453574790503,10.7811993646029,18.0030578484542
12.38,7.72617366300879,11.96878428563,18.6911455861894
12.4,8.60699560616694,13.1562634667096,19.7212339959187
12.42,9.53703565692295,14.2598605186887,21.1238692047425
12.44,10.4820259779384,15.1669774393792,22.9028722792376
12.46,11.3912884789451,15.7435425550788,25.0167399534462
12.48,12.1984951900313,15.8541959045188,27.3616880610253
12.5,12.8272543199474,15.3959250725993,29.7659700709803
12.52,13.2025146960419,14.3374786027445,32.0062293930774
12.54,13.2662922029071,12.747531905364,33.8497762751914
12.56,12.9930547469176,10.7927758557091,35.1117144085444
12.58,12.3985012638225,8.69963605452478,35.7023188273611
12.6,11.5374430244434,6.69455324477089,35.6415070840884
12.62,10.4914292255834,4.9506151678176,35.0357763540492
12.64,9.35133739954128,3.5617567007382,34.0338180046581
12.66,8.20135930278368,2.54710706019197,32.7838289837185
12.68,7.10860326174297,1.87350659882552,31.4070508952188
12.7,6.11918315292429,1.48157270759077,29.9892594349429
12.72,5.25930281905649,1.30617151190436,28.5842249232816
12.74,4.53909161739118,1.28870181290603,27.2220610144712
12.76,3.95729435352868,1.38249873609746,25.9177129771648
12.78,3.50564088280509,1.55382624953676,24.6775322965773
12.8,3.17236495307176,1.7806128648405,23.503632130872
12.82,2.94476166284099,2.05035458790905,22.3964785182871
12.84,2.81088820915439,2.35796692456959,21.3563277428919
12.86,2.76059202571598,2.70393860706932,20.3840187911259
12.88,2.7860555581918,3.09289267015667,19.4814715038708
12.9,2.88201835101305,3.53253177274916,18.6521086442699
12.92,3.04579717782114,4.03288129941087,17.9013326854908
12.94,3.27718398646367,4.60571028728864,17.2371384131727
12.96,3.57826278345204,5.26398405551546,16.670915540642
12.98,3.95314968785971,6.02116883220953,16.2184751556319
13,4.40762260330557,6.89015805088355,15.9013017716707
13.02,4.9485648932672,7.88151863246607,15.7479651804579
13.04,5.58309863710324,9.00067193170105,15.7954888679156
13.06,6.31722923172639,10.2435636637318,16.0902176593379
13.08,7.15377675651576,11.5904302092531,16.6873072359244
13.1,8.08936528119286,12.9976176798271,17.647363066494
13.12,9.11035133263758,14.3883498603115,19.028125711011
13.14,10.1879149147493,15.6451913532564,20.8689191599766
13.16,11.2732414447803,16.6096830617912,23.166881954812
13.18,12.2947983657292,17.0970488433048,25.8481805322747
13.2,13.1607647870862,16.9327979584312,28.7448641092509
13.22,13.7696650954873,16.0092137738612,31.5953735668394
13.24,14.0298299779307,14.3428684589067,34.0851883340402
13.26,13.8832683231656,12.1001621307642,35.9254521312334
13.28,13.3246007802843,9.56502367930786,36.9382197181565
13.3,12.4055806174111,7.05633409811627,37.102970441723
13.32,11.2223158157842,4.83711177506244,36.5401753393879
13.34,9.89126752928395,3.06009332146392,35.4483715725956
13.36,8.52458337894681,1.76462100656137,34.0344078798304
13.38,7.21297889277636,0.908467959803433,32.4674010393247
13.4,6.01867225325516,0.408547869054406,30.8631779313334
13.42,4.97634551542968,0.173104577492942,29.2896310714992
13.44,4.09850565772486,0.120355860898864,27.7803378132318
13.46,3.3821495072292,0.185983053166631,26.348035369713
13.48,2.81488090005325,0.323850449348601,24.9945722325352
13.5,2.37970927666018,0.503562770167216,23.7170651271602
13.52,2.05842237878748,0.707071890229624,22.5112030016379
13.54,1.83373577596161,0.925435065960014,21.372780555254
13.56,1.69051631156906,1.15615727790261,20.298287194635
13.58,1.61636522857314,1.40120838445025,19.2850711969859
13.6,1.60179522815148,1.66565590015135,18.3313661893929
13.62,1.64017665953785,1.95680255800888,17.4363233657028
13.64,1.72757512378912,2.28371113533293,16.6001176696003
13.66,1.86256014994559,2.65700949890864,15.8241648138342
13.68,2.04603201510432,3.08888193792757,15.1114798799797
13.7,2.28108903950244,3.59316014721464,14.4672157446345
13.72,2.57293770462571,4.1854222787275,13.899433898368
13.74,2.92882901620436,4.88298447365242,13.4201763308849
13.76,3.35798222730892,5.70461736677817,13.0469182222862
13.78,3.87142585581349,6.66972866270681,12.8044736612042
13.8,4.48163913544747,7.79660956873386,12.7273725891214
13.82,5.20180734361876,9.09914270718091,12.8625727769718
13.84,6.04440738871633,10.5811386892951,13.2720220854858
13.86,7.01872371445702,12.2273209257622,14.0339052139255
13.88,8.12680193175071,13.9902158532301,15.2402565550088
13.9,9.35739708775461,15.7734535030395,16.9870418271175
13.92,10.677909127225,17.4151949383056,19.3515047098787
13.94,12.0254845829471,18.6812532755652,22.3526577242223
13.96,13.3006504302199,19.2843443312623,25.8980942362523
13.98,14.3694688160238,18.9466612297063,29.7367043031932
14,15.0809331470817,17.505289399624,33.4561588522257
14.02,15.301482107561,15.0199388886496,36.5631178005956
14.04,14.9571218137807,11.8082804811936,38.6384001802206
14.06,14.0629620421245,8.35829995355782,39.4887450185989
14.08,12.7222640014899,5.15530798120662,39.1969461499233
14.1,11.094663871861,2.52987583691171,38.0442557648924
14.12,9.3513803178063,0.605513669242549,36.3724537067319
14.14,7.63844432977498,-0.659920422511233,34.4732146202805
14.16,6.05842116230601,-1.39612822775397,32.5425549788534
14.18,4.66899698911686,-1.75398576729048,30.6865976539997
14.2,3.49124129462254,-1.86770101505224,28.9487245945438
14.22,2.52084597072641,-1.84099057671372,27.3369241293577
14.24,1.73840187307945,-1.74697157834087,25.8431409029275
14.26,1.11721268155666,-1.63366141867271,24.4543365601482
14.28,0.628543625141217,-1.53061198524657,23.1577044192298
14.3,0.244770259708192,-1.45479167900778,21.9425413546437
14.32,-0.0589923153029523,-1.41518477975151,20.8005206644869
14.34,-0.304270637666911,-1.4161505387117,19.7253621120426
14.36,-0.509236553551085,-1.45977047670479,18.712384623515
14.38,-0.689061058325805,-1.54743771597644,17.7581382059094
14.4,-0.856438931071621,-1.68091129649407,16.8601720256838
14.42,-1.02217357391858,-1.86301340832797,16.0169408928014
14.44,-1.19575957765331,-2.09810332601905,15.2278403151422
14.46,-1.38593237712514,-2.39242282395579,14.4933673339296
14.48,-1.60117384873207,-2.7543738567682,13.8154193475125
14.5,-1.85017278731842,-3.19475786390279,13.1977617957741
14.52,-2.14224167232831,-3.72697281412927,12.6467168140332
14.54,-2.48768645207124,-4.36712228014227,12.1721482790542
14.56,-2.89811309707187,-5.13393035437683,11.7888417044703
14.58,-3.38663023614777,-6.04826257764825,11.5183923398122
14.6,-3.96786561522994,-7.13190700129815,11.3917016323387
14.62,-4.65764704344976,-8.40505057414233,11.4520970129595
14.64,-5.47209625869017,-9.88158754854512,11.7588459526325
14.66,-6.42574195357697,-11.5610685781652,12.3902802465652
14.68,-7.52809369851327,-13.4159475992508,13.4446611944856
14.7,-8.77801175524651,-15.3733515512718,15.0351122679401
14.72,-10.155371702844,-17.2929719145148,17.2726449408096
14.74,-11.6103756245588,-18.9483453508853,20.2300411145202
14.76,-13.0529527527259,-20.0281310817113,23.8832141897936
14.78,-14.3481303839279,-20.1821547434604,28.0417681212116
14.8,-15.3263576121383,-19.1293805166415,32.3076936749078
14.82,-15.8159710684346,-16.8044598992616,36.1207782170254
14.84,-15.6936455267023,-13.4586575060602,38.9194986667272
14.86,-14.931556640163,-9.61741034998406,40.3538662712077
14.88,-13.6133179644114,-5.8883323055236,40.4125101907032
14.9,-11.9072302938923,-2.74011987967771,39.3770948333845
14.92,-10.0130125575563,-0.389193940004731,37.6562721085496
14.94,-8.11101794673346,1.17549806674758,35.624166649234
14.96,-6.33306488966782,2.09641880194298,33.5402079346271
14.98,-4.7564306729634,2.55543233746012,31.5458683884194
15,-3.41234950100179,2.7185501698464,29.697881254457
15.02,-2.2996250103632,2.71478385601328,28.0050976793113
15.04,-1.39753051687077,2.63494476128793,26.455158626805
15.06,-0.675689757760173,2.53856688755294,25.0297136223322
15.08,-0.10069534729495,2.46244159337772,23.7114707908963
15.1,0.359944344187679,2.42811151126436,22.4866187648776
15.12,0.735773872175759,2.44764409107485,21.345088556399
15.14,1.05261904671914,2.52779055523208,20.2800499579724
15.16,1.33258339374691,2.67285941462942,19.2873121596884
15.18,1.59447251064205,2.8866404256087,18.364896348911
15.2,1.85442352578642,3.17365503499922,17.5128596527679
15.22,2.12660054199126,3.53993677180937,16.7333805111995
15.24,2.42387237263849,3.99347427424826,16.0311043540111
15.26,2.75842166682251,4.54438088790662,15.4137608339708
15.28,3.14224869153202,5.20478266153729,14.893080990863
15.3,3.58753061818973,5.98833278957711,14.4860516315644
15.32,4.10677812518323,6.90915526506597,14.216529515481
15.34,4.71269376294138,7.97988571423126,14.1171735164362
15.36,5.41757881335008,9.20831633219115,14.2314929187441
15.38,6.23205890474485,10.5920013532751,14.6154815793327
15.4,7.16281785445345,12.1101548718856,15.3377178539728
15.42,8.20898969202099,13.7125396383619,16.475899633814
15.44,9.35696589985901,15.3062857331455,18.1066932393078
15.46,10.5738186322641,16.7443065081914,20.2851953852803
15.48,11.8005611822596,17.8233626202578,23.0119261540267
15.5,12.9481395435783,18.3041054651082,26.1916347452089
15.52,13.9007833624988,17.9641300442418,29.6003969138661
15.54,14.5313684392063,16.6803735664301,32.8897071076135
15.56,14.729380235052,14.5088308240399,35.6524782438043
15.58,14.4337929175498,11.7083538337996,37.5420070985872
15.6,13.6559719098586,8.67444900899901,38.3871996107416
15.62,12.4796045551269,5.8095080672467,38.2347862692005
15.64,11.0369705637504,3.40364464380849,37.2974200348207
15.66,9.4739645300761,1.58526047673476,35.8514103146106
15.68,7.9195860749099,0.343566515215624,34.1471526688391
15.7,6.46889477964259,-0.41451846227676,32.3651077274545
15.72,5.1795220048451,-0.810277752680212,30.612766002754
15.74,4.07690042307718,-0.958569849950634,28.9422392905075
15.76,3.16295650263764,-0.952360840503638,27.3714096964914
15.78,2.4247614028341,-0.8596699238533,25.9004923425289
15.8,1.8415261684911,-0.726507500147241,24.5224168179208
15.82,1.38957079858931,-0.581747453844359,23.228299704952
15.84,1.0454960630462,-0.441934110367112,22.009828295111
15.86,0.78798008917229,-0.315266463475319,20.8599998947001
15.88,0.598618141155748,-0.2046106349813,19.7731239050534
15.9,0.46214812921988,-0.10963934383322,18.7445721602796
15.92,0.3663156587029,-0.028271844173527,17.7704994487637
15.94,0.3015541549138,0.0424107968021328,16.8476147657725
15.96,0.26059422686816,0.105625507556477,15.9730183854982
15.98,0.238071588326527,0.164604454785424,15.1440951783829
16,0.230171856649634,0.222482422352751,14.3584490461278
16.02,0.234330270652748,0.282292807804337,13.6138652601474
16.04,0.248991944946159,0.347031209442766,12.9082914037925
16.06,0.273431348388095,0.419761116722192,12.2398313954559
16.08,0.307626433555368,0.503747583551312,11.6067501582393
16.1,0.352181915183669,0.602612861595618,11.0074890148336
16.12,0.408296664417459,0.720513651332648,10.4406941717163
16.14,0.477771429849697,0.862343600329909,9.90526314216208
16.16,0.563054716698976,1.03396745400814,9.40041713068594
16.18,0.667326397042661,1.24249512154091,8.92581185917713
16.2,0.794620301469113,1.49660483437865,8.48170584957269
16.22,0.94998846156599,1.80692408450948,8.0692148904989
16.24,1.13971052920072,2.18647395639515,7.69069584310949
16.26,1.37155162429145,2.6511743876007,7.350324162422
16.28,1.65506936470009,3.22039016364488,7.0549601110715
16.3,2.0019640370698,3.91746147709042,6.81544124356323
16.32,2.42645093349438,4.77009320578555,6.64849434176885
16.34,2.94560387650264,5.81034689968344,6.57952344066314
16.36,3.57956184325638,7.07374499004342,6.64657959786442
16.38,4.35138664786459,8.59659368485373,6.90578870497269
16.4,5.28617980834961,10.4099867873055,7.43825116592308
16.42,6.4087776895232,12.5280525286507,8.35760204330665
16.44,7.738935974308,14.9271041759478,9.81543118965951
16.46,9.2824881748024,17.5124916949704,11.9977907920637
16.48,11.0169316197484,20.073841273078,15.0997812491372
16.5,12.8713007075045,22.2418890961223,19.2595813568638
16.52,14.7047666113667,23.4848572202285,24.4393705795586
16.54,16.2971038895383,23.2075937727176,30.2790559345719
16.56,17.3724869777994,20.9955345291951,36.0258034789216
16.58,17.6716965759252,16.9211746737186,40.6890977677779
16.6,17.0537977451821,11.6683272685633,43.4463237392503
16.62,15.5671696918692,6.2785049845162,44.0453466046428
16.64,13.4352552193714,1.66682328537502,42.8662750723683
16.66,10.9662643929743,-1.71140301041898,40.6188184697928
16.68,8.45017859978054,-3.85883131271374,37.9727849609824
16.7,6.09661511911652,-5.034414057857,35.3675642302105
16.72,4.02237633165662,-5.55640929388311,33.0099543978358
16.74,2.26883661679131,-5.69628358586649,30.9536664198946
16.76,0.827713059106975,-5.64922664643661,29.1780787967639
16.78,-0.336520522320979,-5.54206335815114,27.6385990038589
16.8,-1.27097203174208,-5.45155675547474,26.291286912284
16.82,-2.02480129682444,-5.42139183865718,25.1018045111916
16.84,-2.64409976681905,-5.47477528275475,24.0468367813921
16.86,-3.16958267846833,-5.62290120223224,23.1127191199367
16.88,-3.63592719481411,-5.87030479988594,22.2935282729011
16.9,-4.07198410814225,-6.21802815096634,21.5895070809678
16.92,-4.50137305725507,-6.66524753182663,21.0060289661611
16.94,-4.94315412899087,-7.20976919012043,20.5530275942577
16.96,-5.41238081172767,-7.84762606872873,20.2447068571708
16.98,-5.92040540589689,-8.57189635781187,20.0992894815833
17,-6.47484757490709,-9.3708146511554,20.1385021683229
17.02,-7.07916686837716,-10.2252731626411,20.3864122790081
17.04,-7.73181916491915,-11.105945587086,20.867140814105
17.06,-8.42504664086987,-11.9705464279868,21.6009382988299
17.08,-9.14347347511319,-12.7621722836184,22.5982436905626
17.1,-9.86286722052477,-13.4101714451438,23.8518263427271
17.12,-10.5496565611888,-13.8352805537336,25.3280933924619
17.14,-11.1619806789444,-13.9603534777516,26.9600701269406
17.16,-11.6530106809187,-13.7263466269135,28.6458684938493
17.18,-11.9768266551353,-13.1102843373656,30.2564813429336
17.2,-12.0961890271249,-12.1388902766714,31.6542574166385
17.22,-11.9903946522922,-10.8908200544452,32.7185092963595
17.24,-11.6607171120669,-9.4839195854602,33.3698596827553
17.26,-11.1313494609426,-8.05072525512439,33.5839165696992
17.28,-10.4453288942716,-6.71129227057082,33.3893772380984
17.3,-9.65682364171193,-5.55318389718923,32.8530091263928
17.32,-8.82232045028417,-4.62384887686596,32.0591438234803
17.34,-7.99314705525983,-3.93440326096632,31.0915360688446
17.36,-7.21073223073786,-3.46997422997664,30.0219399583916
17.38,-6.5047956254938,-3.20141666173707,28.9057272290375
17.4,-5.89383664759067,-3.09503328624485,27.7824973403503
17.42,-5.38700066870703,-3.11906968177243,26.6791651271902
17.44,-4.98649254409343,-3.24719067537325,25.6136432144796
17.46,-4.68996221498842,-3.45974309096389,24.5981125682909
17.48,-4.49254752023871,-3.74365622447293,23.6415467359256
17.5,-4.38845456511821,-4.09163821674635,22.7515278166214
17.52,-4.37207458622385,-4.50108845292441,21.9355353858511
17.54,-4.43869306236375,-4.97294584539349,21.2019038536982
17.56,-4.58486219724372,-5.51054786843937,20.5606028666089
17.58,-4.80849874569784,-6.11847654896561,20.0239381076056
17.6,-5.10874697547233,-6.80130103379581,19.6072088136864
17.62,-5.48561848727457,-7.56208183815169,19.3292905346352
17.64,-5.93939146169141,-8.40047838346886,19.2130263245785
17.66,-6.46972656857005,-9.31031106903538,19.2851942508004
17.68,-7.07444309896441,-10.2765021340821,19.5756680233539
17.7,-7.74791076320816,-11.2715075787173,20.1152170464514
17.72,-8.479072366237,-12.2517209878276,20.9312677709617
17.74,-9.24924915999527,-13.1549219600726,22.0410193354777
17.76,-10.0301167451379,-13.9005862132459,23.4418214148323
17.78,-10.7825586803113,-14.3954409720704,25.0999516478427
17.8,-11.4573999312225,-14.5463394578474,26.9408981632223
17.82,-11.9990545844623,-14.2804658081285,28.8462740873017
17.84,-12.3525791793348,-13.568811047301,30.6628807231544
17.86,-12.4733575225487,-12.444344380927,32.2262156294405
17.88,-12.3370232769289,-11.0049365617287,33.3937512743599
17.9,-11.9462225055434,-9.39603001539859,34.0762369073107
17.92,-11.331420827041,-7.77793252652838,34.2539510108628
17.94,-10.5452032830767,-6.29083863008888,33.9717594997054
17.96,-9.65215039986947,-5.03095772862736,33.3175167320685
17.98,-8.71780591414657,-4.04376582160472,32.3950617405054
18,-7.79985330969647,-3.33161526055686,31.3022151096821
18.02,-6.94304461677176,-2.86837548331046,30.1185360964423
18.04,-6.17780504126214,-2.61429544388769,28.9021065239833
18.06,-5.52148496711362,-2.52731047781418,27.6919688424337
18.08,-4.9810171825896,-2.5699086893585,26.5128328864772
18.1,-4.55597460116541,-2.71230549014878,25.3798454315975
18.12,-4.24140091522969,-2.9331644107322,24.3024398277435
18.14,-4.03011799637108,-3.21896699012317,23.287085213107
18.16,-3.91443704283109,-3.56279875034714,22.3391296334681
18.18,-3.88732183377363,-3.96299832047111,21.4640312712211
18.2,-3.9431012552595,-4.42188023019617,20.6682421173905
18.22,-4.07783316886874,-4.94458614823286,19.9599383754925
18.24,-4.28940319721051,-5.5380205969278,19.3497217503166
18.26,-4.57741239154089,-6.20976177606161,18.8513547402459
18.28,-4.94287340179849,-6.96678943964468,18.4825340637106
18.3,-5.38769873059696,-7.81383244019823,18.2656341257021
18.32,-5.91392915964424,-8.75111348456938,18.228247328229
18.34,-6.52261981136313,-9.77128110448141,18.403190079913
18.36,-7.21228575219555,-10.8554198038708,18.8274224969791
18.38,-7.97682941976874,-11.9683050656943,19.5390705868762
18.4,-8.80296396128375,-13.0536314269242,20.5715484507208
18.42,-9.66735695621991,-14.0308609210863,21.94390581753
18.44,-10.5340838161568,-14.7964828653471,23.6473944252824
18.46,-11.3534646419614,-15.233240249213,25.6302927730023
18.48,-12.0637641510314,-15.2300231324822,27.7861780239133
18.5,-12.5971438716276,-14.711258450491,29.9536521620484
18.52,-12.8901814314776,-13.6678341167247,31.9349244920584
18.54,-12.897142050659,-12.1754891666347,33.533753233003
18.56,-12.6019082974021,-10.3875580932462,34.6015959578271
18.58,-12.0237648281479,-8.5002418680242,35.0724391239475
18.6,-11.2142560030232,-6.70409325635718,34.9703666379886
18.62,-10.2462173662055,-5.14293841489873,34.3887065067537
18.64,-9.19930893275811,-3.89501295444906,33.4541409660553
18.66,-8.14699537881272,-2.97720732695934,32.292971721183
18.68,-7.14811824626534,-2.36311882765415,31.0100498614703
18.7,-6.24367453376084,-2.00393087389726,29.6815635814315
18.72,-5.45764225680022,-1.8451409004014,28.3572718810799
18.74,-4.80010259182717,-1.8369675661663,27.0668574456057
18.76,-4.27114409298709,-1.93925417867636,25.8266907245808
18.78,-3.86457531504371,-2.12268981413143,24.6452829148055
18.8,-3.57097683589811,-2.36803239198125,23.5270648832038
18.82,-3.37996791110464,-2.66450420409894,22.4747705455435
18.84,-3.28174998454186,-3.00803687722106,21.4908742045139
18.86,-3.26806550812829,-3.39969046567978,20.5784837947681
18.88,-3.33272218463708,-3.84435401649471,19.7419822333015
18.9,-3.47181227449855,-4.34971081388618,18.9876077197505
18.92,-3.6837228704137,-4.92538081259122,18.3240904205992
18.94,-3.96899525909039,-5.58210656586305,17.7634131315746
18.96,-4.33005292345561,-6.33080830827427,17.3217232966597
18.98,-4.77077841467372,-7.18128805718598,17.0203745933643
19,-5.29587812936925,-8.14031007948253,16.8869948066706
19.02,-5.90993102899019,-9.20873915740079,16.9563334064929
19.04,-6.61597733316721,-10.3774196376418,17.2704040399229
19.06,-7.41348164714617,-11.6216154690327,17.8770831268289
19.08,-8.29553651849209,-12.8942586651558,18.8258919381603
19.1,-9.24531909364893,-14.1191771303989,20.1593607037462
19.12,-10.2321601750803,-15.1870280408501,21.8986120618179
19.14,-11.208194340947,-15.9585766008136,24.0233990001698
19.16,-12.1073524488408,-16.2810045972131,26.4505608151543
19.18,-12.8490288405829,-16.0206770588069,29.0203036896782
19.2,-13.348303703083,-15.1079186144818,31.5035660728076
19.22,-13.5323461106157,-13.5774123042187,33.63988142468
19.24,-13.3588751599816,-11.5805656784107,35.1999640573627
19.26,-12.829545709453,-9.35482550735007,36.047954013915
19.28,-11.9918443820283,-7.15919988602092,36.1721651698563
19.3,-10.9281613876865,-5.2068281569561,35.6701444148019
19.32,-9.73685856380172,-3.62490936011362,34.7011800943389
19.34,-8.5130089883076,-2.4516932473573,33.4339585068004
19.36,-7.33475735285604,-1.65933021304224,32.0107304722174
19.38,-6.25726770666038,-1.1844498108144,30.5334777674059
19.4,-5.31295941298764,-0.953604417099246,29.0660969221734
19.42,-4.51542956001698,-0.899090314006873,27.6437781756231
19.44,-3.86469343490698,-0.966196481535304,26.2831926611796
19.46,-3.35221664824748,-1.11482379406911,24.9905414177841
19.48,-2.96502051146376,-1.3181836737416,23.7668903578224
19.5,-2.68868303750469,-1.56039246053175,22.6112914147177
19.52,-2.50933949014013,-1.83396005742202,21.5224382777243
19.54,-2.41489331759056,-2.13762461818236,20.4994915793262
19.56,-2.39566005214212,-2.47467582626703,19.5425084643092
19.58,-2.44463597729483,-2.85175447663814,18.652740889937
19.6,-2.55753896481294,-3.27804685504407,17.8329540893776
19.62,-2.73272435892456,-3.76476429807412,17.0878541410557
19.64,-2.9710388977984,-4.32478458174073,16.424685119799
19.66,-3.27564051216055,-4.97231578540497,15.8540460047972
19.68,-3.65177900738449,-5.72241325802108,15.3909711976266
19.7,-4.10649825086287,-6.59012695629663,15.0563006626675
19.72,-4.64817994121008,-7.58897346031564,14.8783142991424
19.74,-5.28579808389046,-8.72831672323473,14.8944849777558
19.76,-6.02769074185094,-10.0091297036583,15.1529615490254
19.78,-6.87958954956517,-11.4175747311305,15.7129567809841
19.8,-7.8416076953263,-12.9160666098802,16.6425318193233
19.82,-8.90394527271009,-14.4323080733569,18.0114059089579
19.84,-10.0413611738251,-15.8486788792004,19.8757971747251
19.86,-11.2071677952536,-16.997586514389,22.253019875219
19.88,-12.3287427085768,-17.6720930797068,25.0874851789241
19.9,-13.3080404529272,-17.6619470969234,28.2183124249968
19.92,-14.0312197627847,-16.8171706574653,31.36949238993
19.94,-14.3894203487967,-15.1213853543384,34.1863361984244
19.96,-14.3069284773237,-12.7351595740127,36.3234208205479
19.98,-13.7660306355089,-9.97077830022467,37.5515023843549
20,-12.8159547551714,-7.19840278037004,37.8251209492046
