786
843
853
895
829
773
807
816
853
830
896
905
857
839
799
727
717
751
776
767
793
824
734
769
770
769
811
792
716
749
747
786
728
744
751
797
815
783
811
795
781
711
704
769
896
912
801
759
764
762
762
693
650
678
665
672
679
688
682
706
733
754
749
725
786
820
817
722
766
809
834
812
757
774
781
775
719
760
780
798
744
841
853
837
795
701
690
723
773
882
874
835
750
777
771
768
743
696
721
750
797
832
758
744
784
806
772
702
738
743
770
754
708
752
787
816
820
762
711
734
768
793
800
743
715
762
806
894
879
847
757
715
746
771
789
850
835
768
707
748
790
864
882
812
722
745
704
656
662
707
665
689
730
761
771
759
690
711
728
803
828
860
813
752
779
762
769
734
733
748
772
783
723
784
831
877
891
862
805
708
726
741
796
856
892
868
777
799
815
804
780
716
680
660
688
770
910
903
877
824
775
738
707
654
649
674
752
878
981
992
938
890
746
744
759
796
810
822
791
715
711
747
786
823
865
823
786
744
698
721
726
737
745
748
729
688
726
736
758
763
785
773
713
727
746
738
751
770
